[
    {
        "ID": 1,
        "Name": "OBJ_RING_A",
        "Type": 156,
        "Scale": 1.0,
        "Transform": [
            [
                0.9283416867256165,
                0.37172073125839233,
                0.0,
                0.0
            ],
            [
                -0.37172073125839233,
                0.9283416867256165,
                0.0,
                0.0
            ],
            [
                0.0,
                0.0,
                0.9999999403953552,
                0.0
            ],
            [
                -28.67499351501465,
                -0.8629999756813049,
                -101.0,
                1.0
            ]
        ]
    },
    {
        "ID": 2,
        "Name": "OBJ_RING_B",
        "Type": 156,
        "Scale": 1.0,
        "Transform": [
            [
                -0.9140880703926086,
                0.40551117062568665,
                0.0,
                0.0
            ],
            [
                -0.40551117062568665,
                -0.9140880703926086,
                0.0,
                0.0
            ],
            [
                0.0,
                0.0,
                0.9999999403953552,
                0.0
            ],
            [
                -28.67499351501465,
                -0.8629999756813049,
                -96.0,
                1.0
            ]
        ]
    },
    {
        "ID": 3,
        "Name": "OBJ_RING_BASE",
        "Type": 55,
        "Scale": 1.0,
        "Transform": [
            [
                0.9999999403953552,
                0.0,
                0.0,
                0.0
            ],
            [
                0.0,
                0.9999999403953552,
                0.0,
                0.0
            ],
            [
                0.0,
                0.0,
                0.9999999403953552,
                0.0
            ],
            [
                -28.675342559814453,
                -0.8627390265464783,
                -106.1823959350586,
                1.0
            ]
        ]
    },
    {
        "ID": 4,
        "Name": "OBJ_RING_BASE",
        "Type": 57,
        "Scale": 1.0,
        "Transform": [
            [
                -0.012271537445485592,
                -0.9999246597290039,
                0.0,
                0.0
            ],
            [
                0.9999246597290039,
                -0.012271537445485592,
                0.0,
                0.0
            ],
            [
                0.0,
                0.0,
                0.9999999403953552,
                0.0
            ],
            [
                72.75,
                -126.0,
                9.957232475280762,
                1.0
            ]
        ]
    },
    {
        "ID": 5,
        "Name": "OBJ_RING_B",
        "Type": 156,
        "Scale": 1.0,
        "Transform": [
            [
                0.8369139432907104,
                -0.5473127961158752,
                0.0,
                0.0
            ],
            [
                0.5473127961158752,
                0.8369139432907104,
                0.0,
                0.0
            ],
            [
                0.0,
                0.0,
                0.9999999403953552,
                0.0
            ],
            [
                72.75,
                -126.0,
                20.0,
                1.0
            ]
        ]
    },
    {
        "ID": 6,
        "Name": "OBJ_RING_A",
        "Type": 156,
        "Scale": 1.0,
        "Transform": [
            [
                0.6815745234489441,
                0.7317385673522949,
                0.0,
                0.0
            ],
            [
                -0.7317385673522949,
                0.6815745234489441,
                0.0,
                0.0
            ],
            [
                0.0,
                0.0,
                0.9999999403953552,
                0.0
            ],
            [
                72.75,
                -126.0,
                15.0,
                1.0
            ]
        ]
    },
    {
        "ID": 7,
        "Name": "OBJ_RING_BASE",
        "Type": 57,
        "Scale": 1.0,
        "Transform": [
            [
                0.0,
                0.9999999403953552,
                0.0,
                0.0
            ],
            [
                -0.9999999403953552,
                0.0,
                0.0,
                0.0
            ],
            [
                0.0,
                0.0,
                0.9999999403953552,
                0.0
            ],
            [
                72.75,
                125.0,
                9.956999778747559,
                1.0
            ]
        ]
    },
    {
        "ID": 8,
        "Name": "OBJ_RING_B",
        "Type": 156,
        "Scale": 1.0,
        "Transform": [
            [
                -0.7669808864593506,
                0.6416488885879517,
                0.0,
                0.0
            ],
            [
                -0.6416488885879517,
                -0.7669808864593506,
                0.0,
                0.0
            ],
            [
                0.0,
                0.0,
                0.9999999403953552,
                0.0
            ],
            [
                72.75,
                125.0,
                20.0,
                1.0
            ]
        ]
    },
    {
        "ID": 9,
        "Name": "OBJ_RING_A",
        "Type": 156,
        "Scale": 1.0,
        "Transform": [
            [
                -0.992275595664978,
                -0.12398428469896317,
                0.0,
                0.0
            ],
            [
                0.12398428469896317,
                -0.992275595664978,
                0.0,
                0.0
            ],
            [
                0.0,
                0.0,
                0.9999999403953552,
                0.0
            ],
            [
                72.75,
                125.0,
                15.0,
                1.0
            ]
        ]
    },
    {
        "ID": 10,
        "Name": "OBJ_RING_BASE",
        "Type": 55,
        "Scale": 1.0,
        "Transform": [
            [
                0.0,
                0.9999999403953552,
                0.0,
                0.0
            ],
            [
                -0.9999999403953552,
                0.0,
                0.0,
                0.0
            ],
            [
                0.0,
                0.0,
                0.9999999403953552,
                0.0
            ],
            [
                25.541757583618164,
                -65.56820678710938,
                96.88404083251953,
                1.0
            ]
        ]
    },
    {
        "ID": 11,
        "Name": "OBJ_RING_A",
        "Type": 156,
        "Scale": 1.0,
        "Transform": [
            [
                0.865459144115448,
                -0.5009516477584839,
                0.0,
                0.0
            ],
            [
                0.5009516477584839,
                0.865459144115448,
                0.0,
                0.0
            ],
            [
                0.0,
                0.0,
                0.9999999403953552,
                0.0
            ],
            [
                25.541757583618164,
                -65.56820678710938,
                101.92704772949219,
                1.0
            ]
        ]
    },
    {
        "ID": 12,
        "Name": "OBJ_RING_B",
        "Type": 156,
        "Scale": 1.0,
        "Transform": [
            [
                0.999104380607605,
                -0.04187782481312752,
                0.0,
                0.0
            ],
            [
                0.04187782481312752,
                0.999104380607605,
                0.0,
                0.0
            ],
            [
                0.0,
                0.0,
                0.9999999403953552,
                0.0
            ],
            [
                25.541757583618164,
                -65.56820678710938,
                106.92704772949219,
                1.0
            ]
        ]
    },
    {
        "ID": 13,
        "Name": "OBJ_RING_BASE",
        "Type": 55,
        "Scale": 1.0,
        "Transform": [
            [
                0.0,
                0.9999999403953552,
                0.0,
                0.0
            ],
            [
                -0.9999999403953552,
                0.0,
                0.0,
                0.0
            ],
            [
                0.0,
                0.0,
                0.9999999403953552,
                0.0
            ],
            [
                25.69084358215332,
                65.03518676757813,
                96.87406158447266,
                1.0
            ]
        ]
    },
    {
        "ID": 14,
        "Name": "OBJ_RING_A",
        "Type": 156,
        "Scale": 1.0,
        "Transform": [
            [
                0.9697229266166687,
                0.24417942762374878,
                0.0,
                0.0
            ],
            [
                -0.24417942762374878,
                0.9697229266166687,
                0.0,
                0.0
            ],
            [
                0.0,
                0.0,
                0.9999999403953552,
                0.0
            ],
            [
                25.69084358215332,
                65.03518676757813,
                101.91706085205078,
                1.0
            ]
        ]
    },
    {
        "ID": 15,
        "Name": "OBJ_RING_B",
        "Type": 156,
        "Scale": 1.0,
        "Transform": [
            [
                -0.9996774792671204,
                0.025233173742890358,
                0.0,
                0.0
            ],
            [
                -0.025233173742890358,
                -0.9996774792671204,
                0.0,
                0.0
            ],
            [
                0.0,
                0.0,
                0.9999999403953552,
                0.0
            ],
            [
                25.69084358215332,
                65.03518676757813,
                106.91706085205078,
                1.0
            ]
        ]
    },
    {
        "ID": 19,
        "Name": "OBJ_TELEPORT_RING",
        "Type": 57,
        "Scale": 0.41999998688697815,
        "Transform": [
            [
                0.10205166786909103,
                -0.4074130952358246,
                0.0,
                0.0
            ],
            [
                0.4074130952358246,
                0.10205166786909103,
                0.0,
                0.0
            ],
            [
                0.0,
                0.0,
                0.41999998688697815,
                0.0
            ],
            [
                0.4749999940395355,
                0.6200000047683716,
                556.9111938476563,
                1.0
            ]
        ]
    },
    {
        "ID": 20,
        "Name": "OBJ_TELEPORT_RING",
        "Type": 57,
        "Scale": 0.41999998688697815,
        "Transform": [
            [
                0.14149373769760132,
                0.3954484760761261,
                0.0,
                0.0
            ],
            [
                -0.3954484760761261,
                0.14149373769760132,
                0.0,
                0.0
            ],
            [
                0.0,
                0.0,
                0.41999998688697815,
                0.0
            ],
            [
                72.75,
                125.0,
                10.297225952148438,
                1.0
            ]
        ]
    },
    {
        "ID": 21,
        "Name": "OBJ_TELEPORT_RING",
        "Type": 57,
        "Scale": 0.41999998688697815,
        "Transform": [
            [
                0.10205166786909103,
                -0.4074130952358246,
                0.0,
                0.0
            ],
            [
                0.4074130952358246,
                0.10205166786909103,
                0.0,
                0.0
            ],
            [
                0.0,
                0.0,
                0.41999998688697815,
                0.0
            ],
            [
                72.75,
                -126.0,
                10.317225456237793,
                1.0
            ]
        ]
    },
    {
        "ID": 22,
        "Name": "OBJ_TELEPORT_RING",
        "Type": 57,
        "Scale": 0.41999998688697815,
        "Transform": [
            [
                0.03603486716747284,
                0.4184512794017792,
                0.0,
                0.0
            ],
            [
                -0.4184512794017792,
                0.03603486716747284,
                0.0,
                0.0
            ],
            [
                0.0,
                0.0,
                0.41999998688697815,
                0.0
            ],
            [
                -28.67499351501465,
                -0.8629999756813049,
                -105.88138580322266,
                1.0
            ]
        ]
    },
    {
        "ID": 23,
        "Name": "OBJ_TELEPORT_RING",
        "Type": 57,
        "Scale": 0.41999998688697815,
        "Transform": [
            [
                0.22903648018836975,
                -0.3520543575286865,
                0.0,
                0.0
            ],
            [
                0.3520543575286865,
                0.22903648018836975,
                0.0,
                0.0
            ],
            [
                0.0,
                0.0,
                0.41999998688697815,
                0.0
            ],
            [
                25.54199981689453,
                -65.56798553466797,
                97.2442398071289,
                1.0
            ]
        ]
    },
    {
        "ID": 24,
        "Name": "OBJ_TELEPORT_RING",
        "Type": 57,
        "Scale": 0.41999998688697815,
        "Transform": [
            [
                0.4199683666229248,
                -0.005154045764356852,
                0.0,
                0.0
            ],
            [
                0.005154045764356852,
                0.4199683666229248,
                0.0,
                0.0
            ],
            [
                0.0,
                0.0,
                0.41999998688697815,
                0.0
            ],
            [
                25.69099998474121,
                65.03498077392578,
                97.2342758178711,
                1.0
            ]
        ]
    },
    {
        "ID": 16,
        "Name": "OBJ_SUN_ARTIFACT",
        "Type": 156,
        "Scale": 1.0,
        "Transform": [
            [
                -0.8865340352058411,
                -0.46263784170150757,
                0.0,
                0.0
            ],
            [
                0.46263784170150757,
                -0.8865340352058411,
                0.0,
                0.0
            ],
            [
                0.0,
                0.0,
                0.9999999403953552,
                0.0
            ],
            [
                0.007137000095099211,
                0.2708269953727722,
                579.5572509765625,
                1.0
            ]
        ]
    },
    {
        "ID": 17,
        "Name": "OBJ_DOOR_BIGIRON",
        "Type": 76,
        "Scale": 1.0,
        "Transform": [
            [
                0.0,
                0.9999999403953552,
                0.0,
                0.0
            ],
            [
                -0.9999999403953552,
                0.0,
                0.0,
                0.0
            ],
            [
                0.0,
                0.0,
                0.9999999403953552,
                0.0
            ],
            [
                -2445.1298828125,
                1490.4248046875,
                -323.7400207519531,
                1.0
            ]
        ]
    },
    {
        "ID": 18,
        "Name": "OBJ_DOOR_BIGIRON",
        "Type": 76,
        "Scale": 1.0,
        "Transform": [
            [
                0.0,
                -0.9999999403953552,
                0.0,
                0.0
            ],
            [
                0.9999999403953552,
                0.0,
                0.0,
                0.0
            ],
            [
                0.0,
                0.0,
                0.9999999403953552,
                0.0
            ],
            [
                -2351.843505859375,
                -1079.505126953125,
                -229.94273376464844,
                1.0
            ]
        ]
    },
    {
        "ID": 25,
        "Name": "OBJ_DOOR_BIGIRON",
        "Type": 76,
        "Scale": 1.0,
        "Transform": [
            [
                0.3368898332118988,
                -0.9415439963340759,
                0.0,
                0.0
            ],
            [
                0.9415439963340759,
                0.3368898332118988,
                0.0,
                0.0
            ],
            [
                0.0,
                0.0,
                0.9999999403953552,
                0.0
            ],
            [
                -3892.2412109375,
                -1424.6787109375,
                -552.9652709960938,
                1.0
            ]
        ]
    },
    {
        "ID": 26,
        "Name": "OBJ_DOOR_BIGIRON",
        "Type": 76,
        "Scale": 1.0,
        "Transform": [
            [
                0.46053868532180786,
                0.887639582157135,
                0.0,
                0.0
            ],
            [
                -0.887639582157135,
                0.46053868532180786,
                0.0,
                0.0
            ],
            [
                0.0,
                0.0,
                0.9999999403953552,
                0.0
            ],
            [
                -4017.923583984375,
                2123.671142578125,
                -552.9617919921875,
                1.0
            ]
        ]
    },
    {
        "ID": 27,
        "Name": "OBJ_TELEDISC",
        "Type": 57,
        "Scale": 1.0,
        "Transform": [
            [
                -0.8576639890670776,
                0.5140640139579773,
                0.012271538376808167,
                0.0
            ],
            [
                -0.5141027569770813,
                -0.8577286005020142,
                0.0,
                0.0
            ],
            [
                0.010525649413466454,
                -0.00630883127450943,
                0.9999247193336487,
                0.0
            ],
            [
                -4210.2265625,
                2580.324462890625,
                -509.96795654296875,
                1.0
            ]
        ]
    },
    {
        "ID": 28,
        "Name": "OBJ_TELEDISC",
        "Type": 57,
        "Scale": 1.0,
        "Transform": [
            [
                -0.254846453666687,
                -0.9669036269187927,
                0.012271538376808167,
                0.0
            ],
            [
                0.9669764637947083,
                -0.2548656463623047,
                0.0,
                0.0
            ],
            [
                0.003127593547105789,
                0.011866288259625435,
                0.9999247193336487,
                0.0
            ],
            [
                -1151.95654296875,
                -4801.18505859375,
                -509.96337890625,
                1.0
            ]
        ]
    },
    {
        "ID": 29,
        "Name": "OBJ_TELEDISC",
        "Type": 57,
        "Scale": 1.0,
        "Transform": [
            [
                0.9141409397125244,
                0.40521079301834106,
                0.012271538376808167,
                0.0
            ],
            [
                -0.40524131059646606,
                0.91420978307724,
                0.0,
                0.0
            ],
            [
                -0.011218760162591934,
                -0.004972934257239103,
                0.9999247193336487,
                0.0
            ],
            [
                4210.23046875,
                2580.3505859375,
                -509.9673767089844,
                1.0
            ]
        ]
    },
    {
        "ID": 30,
        "Name": "OBJ_LIBTELPORTPAD",
        "Type": 57,
        "Scale": 1.0,
        "Transform": [
            [
                0.8576639890670776,
                0.5140640139579773,
                0.012271538376808167,
                0.0
            ],
            [
                -0.5141027569770813,
                0.8577286005020142,
                0.0,
                0.0
            ],
            [
                -0.010525649413466454,
                -0.00630883127450943,
                0.9999247193336487,
                0.0
            ],
            [
                -1164.2982177734375,
                652.0653076171875,
                -97.21437072753906,
                1.0
            ]
        ]
    },
    {
        "ID": 31,
        "Name": "OBJ_LIBTELPORTPAD",
        "Type": 57,
        "Scale": 1.0,
        "Transform": [
            [
                -0.9987202286720276,
                -0.04906398057937622,
                0.012271538376808167,
                0.0
            ],
            [
                0.049067676067352295,
                -0.9987954497337341,
                0.0,
                0.0
            ],
            [
                0.01225675642490387,
                0.0006021358422003686,
                0.9999247193336487,
                0.0
            ],
            [
                -1164.506103515625,
                652.1527709960938,
                5.228909969329834,
                1.0
            ]
        ]
    },
    {
        "ID": 32,
        "Name": "OBJ_LIBTELPORTPAD",
        "Type": 57,
        "Scale": 1.0,
        "Transform": [
            [
                0.5349573493003845,
                -0.8447899222373962,
                0.012271538376808167,
                0.0
            ],
            [
                0.8448535799980164,
                0.5349976420402527,
                0.0,
                0.0
            ],
            [
                -0.006565243937075138,
                0.010367652401328087,
                0.9999247193336487,
                0.0
            ],
            [
                -28.38820457458496,
                -0.9161220192909241,
                -114.62276458740234,
                1.0
            ]
        ]
    },
    {
        "ID": 33,
        "Name": "OBJ_LIBTELPORTPAD",
        "Type": 57,
        "Scale": 1.0,
        "Transform": [
            [
                0.963703453540802,
                -0.2666926681995392,
                0.012271538376808167,
                0.0
            ],
            [
                0.2667127549648285,
                0.9637760519981384,
                0.0,
                0.0
            ],
            [
                -0.0118270143866539,
                0.0032729757949709892,
                0.9999247193336487,
                0.0
            ],
            [
                25.535232543945313,
                -65.67035675048828,
                88.5,
                1.0
            ]
        ]
    },
    {
        "ID": 34,
        "Name": "OBJ_LIBTELPORTPAD",
        "Type": 57,
        "Scale": 1.0,
        "Transform": [
            [
                0.3712892532348633,
                0.9284361600875854,
                0.012271538376808167,
                0.0
            ],
            [
                -0.928506076335907,
                0.37131720781326294,
                0.0,
                0.0
            ],
            [
                -0.004556633066385984,
                -0.01139419712126255,
                0.9999247193336487,
                0.0
            ],
            [
                25.872806549072266,
                65.22198486328125,
                88.50469970703125,
                1.0
            ]
        ]
    },
    {
        "ID": 35,
        "Name": "OBJ_TELEDISC",
        "Type": 57,
        "Scale": 1.0,
        "Transform": [
            [
                0.6715083718299866,
                -0.7408953309059143,
                0.012271538376808167,
                0.0
            ],
            [
                0.7409511208534241,
                0.6715589761734009,
                0.0,
                0.0
            ],
            [
                -0.008241061121225357,
                0.009092609398066998,
                0.9999247193336487,
                0.0
            ],
            [
                -24.55136489868164,
                0.04578400030732155,
                555.736083984375,
                1.0
            ]
        ]
    },
    {
        "ID": 36,
        "Name": "OBP_FISHRING_FRNT",
        "Type": 156,
        "Scale": 1.0,
        "Transform": [
            [
                -0.053366415202617645,
                -0.9985577464103699,
                0.0,
                0.0
            ],
            [
                0.9985577464103699,
                -0.053366415202617645,
                0.0,
                0.0
            ],
            [
                0.0,
                0.0,
                0.9999999403953552,
                0.0
            ],
            [
                0.0,
                0.0,
                -8.452119827270508,
                1.0
            ]
        ]
    },
    {
        "ID": 38,
        "Name": "OBP_FISHRING_REVERSE",
        "Type": 156,
        "Scale": 1.0,
        "Transform": [
            [
                0.35632291436195374,
                0.9343454837799072,
                0.0,
                0.0
            ],
            [
                -0.9343454837799072,
                0.35632291436195374,
                0.0,
                0.0
            ],
            [
                0.0,
                0.0,
                0.9999999403953552,
                0.0
            ],
            [
                0.0,
                0.0,
                58.75,
                1.0
            ]
        ]
    },
    {
        "ID": 37,
        "Name": "OBJ_TELEDISCA00Z",
        "Type": 57,
        "Scale": 1.0,
        "Transform": [
            [
                -0.8245892524719238,
                0.5657317638397217,
                0.0,
                0.0
            ],
            [
                -0.5657317638397217,
                -0.8245892524719238,
                0.0,
                0.0
            ],
            [
                0.0,
                0.0,
                0.9999999403953552,
                0.0
            ],
            [
                -997.0,
                -703.0,
                -3.200000047683716,
                1.0
            ]
        ]
    },
    {
        "ID": 41,
        "Name": "OBJ_TELEDISCC1Z",
        "Type": 57,
        "Scale": 1.0,
        "Transform": [
            [
                -0.9039892554283142,
                -0.42755505442619324,
                0.0,
                0.0
            ],
            [
                0.42755505442619324,
                -0.9039892554283142,
                0.0,
                0.0
            ],
            [
                0.0,
                0.0,
                0.9999999403953552,
                0.0
            ],
            [
                -988.0,
                -687.0,
                -3.200000047683716,
                1.0
            ]
        ]
    },
    {
        "ID": 43,
        "Name": "OBJ_TELEDISCC2Z",
        "Type": 57,
        "Scale": 1.0,
        "Transform": [
            [
                -0.8932242393493652,
                0.4496113061904907,
                0.0,
                0.0
            ],
            [
                -0.4496113061904907,
                -0.8932242393493652,
                0.0,
                0.0
            ],
            [
                0.0,
                0.0,
                0.9999999403953552,
                0.0
            ],
            [
                -978.0,
                -691.0,
                -3.200000047683716,
                1.0
            ]
        ]
    },
    {
        "ID": 42,
        "Name": "OBJ_TELEDISCC3Z",
        "Type": 57,
        "Scale": 1.0,
        "Transform": [
            [
                0.219101220369339,
                0.9757020473480225,
                0.0,
                0.0
            ],
            [
                -0.9757020473480225,
                0.219101220369339,
                0.0,
                0.0
            ],
            [
                0.0,
                0.0,
                0.9999999403953552,
                0.0
            ],
            [
                -978.0,
                -705.0,
                -3.200000047683716,
                1.0
            ]
        ]
    },
    {
        "ID": 40,
        "Name": "OBJ_TELEDISCC4Z",
        "Type": 57,
        "Scale": 1.0,
        "Transform": [
            [
                -0.9091679453849792,
                -0.4164295196533203,
                0.0,
                0.0
            ],
            [
                0.4164295196533203,
                -0.9091679453849792,
                0.0,
                0.0
            ],
            [
                0.0,
                0.0,
                0.9999999403953552,
                0.0
            ],
            [
                -988.0,
                -709.0,
                -3.200000047683716,
                1.0
            ]
        ]
    },
    {
        "ID": 44,
        "Name": "OBJ_TELEDISCA00Z",
        "Type": 57,
        "Scale": 1.0,
        "Transform": [
            [
                0.6438314914703369,
                0.7651671767234802,
                0.0,
                0.0
            ],
            [
                -0.7651671767234802,
                0.6438314914703369,
                0.0,
                0.0
            ],
            [
                0.0,
                0.0,
                0.9999999403953552,
                0.0
            ],
            [
                927.0,
                1323.0,
                -71.59999084472656,
                1.0
            ]
        ]
    },
    {
        "ID": 46,
        "Name": "OBJ_TELEDISCC4Z",
        "Type": 57,
        "Scale": 1.0,
        "Transform": [
            [
                -0.3826833963394165,
                0.9238794445991516,
                0.0,
                0.0
            ],
            [
                -0.9238794445991516,
                -0.3826833963394165,
                0.0,
                0.0
            ],
            [
                0.0,
                0.0,
                0.9999999403953552,
                0.0
            ],
            [
                921.0,
                1314.0,
                -71.59999084472656,
                1.0
            ]
        ]
    },
    {
        "ID": 47,
        "Name": "OBJ_TELEDISCC1Z",
        "Type": 57,
        "Scale": 1.0,
        "Transform": [
            [
                -0.39399200677871704,
                0.91911381483078,
                0.0,
                0.0
            ],
            [
                -0.91911381483078,
                -0.39399200677871704,
                0.0,
                0.0
            ],
            [
                0.0,
                0.0,
                0.9999999403953552,
                0.0
            ],
            [
                943.0,
                1314.0,
                -71.59999084472656,
                1.0
            ]
        ]
    },
    {
        "ID": 48,
        "Name": "OBJ_TELEDISCC3Z",
        "Type": 57,
        "Scale": 1.0,
        "Transform": [
            [
                -0.91911381483078,
                0.39399200677871704,
                0.0,
                0.0
            ],
            [
                -0.39399200677871704,
                -0.91911381483078,
                0.0,
                0.0
            ],
            [
                0.0,
                0.0,
                0.9999999403953552,
                0.0
            ],
            [
                924.0,
                1305.0,
                -71.59999084472656,
                1.0
            ]
        ]
    },
    {
        "ID": 49,
        "Name": "OBJ_TELEDISCC2Z",
        "Type": 57,
        "Scale": 1.0,
        "Transform": [
            [
                0.3598950207233429,
                0.9329927563667297,
                0.0,
                0.0
            ],
            [
                -0.9329927563667297,
                0.3598950207233429,
                0.0,
                0.0
            ],
            [
                0.0,
                0.0,
                0.9999999403953552,
                0.0
            ],
            [
                940.0,
                1305.0,
                -71.59999084472656,
                1.0
            ]
        ]
    },
    {
        "ID": 39,
        "Name": "OBJ_TELEDISCB02Z",
        "Type": 57,
        "Scale": 1.0,
        "Transform": [
            [
                0.0735645592212677,
                0.9972903728485107,
                0.0,
                0.0
            ],
            [
                -0.9972903728485107,
                0.0735645592212677,
                0.0,
                0.0
            ],
            [
                0.0,
                0.0,
                0.9999999403953552,
                0.0
            ],
            [
                -997.0,
                -693.0,
                -3.200000047683716,
                1.0
            ]
        ]
    },
    {
        "ID": 45,
        "Name": "OBJ_TELEDISCB1Z",
        "Type": 57,
        "Scale": 1.0,
        "Transform": [
            [
                0.9996987581253052,
                -0.024541227146983147,
                0.0,
                0.0
            ],
            [
                0.024541227146983147,
                0.9996987581253052,
                0.0,
                0.0
            ],
            [
                0.0,
                0.0,
                0.9999999403953552,
                0.0
            ],
            [
                937.0,
                1323.0,
                -71.59999084472656,
                1.0
            ]
        ]
    },
    {
        "ID": 50,
        "Name": "OBJ_TELEDISCB1Z",
        "Type": 57,
        "Scale": 1.0,
        "Transform": [
            [
                -0.5956992506980896,
                -0.8032074570655823,
                0.0,
                0.0
            ],
            [
                0.8032074570655823,
                -0.5956992506980896,
                0.0,
                0.0
            ],
            [
                0.0,
                0.0,
                0.9999999403953552,
                0.0
            ],
            [
                -1090.0,
                -2439.0,
                -184.1999969482422,
                1.0
            ]
        ]
    },
    {
        "ID": 51,
        "Name": "OBJ_TELEDISCC2Z",
        "Type": 57,
        "Scale": 1.0,
        "Transform": [
            [
                -0.9963125586509705,
                0.08579730242490768,
                0.0,
                0.0
            ],
            [
                -0.08579730242490768,
                -0.9963125586509705,
                0.0,
                0.0
            ],
            [
                0.0,
                0.0,
                0.9999999403953552,
                0.0
            ],
            [
                -1100.0,
                -2439.0,
                -184.1999969482422,
                1.0
            ]
        ]
    },
    {
        "ID": 52,
        "Name": "OBJ_TELEDISCD01Z",
        "Type": 57,
        "Scale": 1.0,
        "Transform": [
            [
                0.23105809092521667,
                -0.9729399085044861,
                0.0,
                0.0
            ],
            [
                0.9729399085044861,
                0.23105809092521667,
                0.0,
                0.0
            ],
            [
                0.0,
                0.0,
                0.9999999403953552,
                0.0
            ],
            [
                -1084.0,
                -2430.0,
                -184.1999969482422,
                1.0
            ]
        ]
    },
    {
        "ID": 53,
        "Name": "OBJ_TELEDISCC3Z",
        "Type": 57,
        "Scale": 1.0,
        "Transform": [
            [
                0.46053868532180786,
                -0.887639582157135,
                0.0,
                0.0
            ],
            [
                0.887639582157135,
                0.46053868532180786,
                0.0,
                0.0
            ],
            [
                0.0,
                0.0,
                0.9999999403953552,
                0.0
            ],
            [
                -1106.0,
                -2430.0,
                -184.1999969482422,
                1.0
            ]
        ]
    },
    {
        "ID": 54,
        "Name": "OBJ_TELEDISCD02Z",
        "Type": 57,
        "Scale": 1.0,
        "Transform": [
            [
                0.91911381483078,
                -0.39399200677871704,
                0.0,
                0.0
            ],
            [
                0.39399200677871704,
                0.91911381483078,
                0.0,
                0.0
            ],
            [
                0.0,
                0.0,
                0.9999999403953552,
                0.0
            ],
            [
                -1087.0,
                -2421.0,
                -184.1999969482422,
                1.0
            ]
        ]
    },
    {
        "ID": 55,
        "Name": "OBJ_TELEDISCC4Z",
        "Type": 57,
        "Scale": 1.0,
        "Transform": [
            [
                -0.348418653011322,
                -0.9373389482498169,
                0.0,
                0.0
            ],
            [
                0.9373389482498169,
                -0.348418653011322,
                0.0,
                0.0
            ],
            [
                0.0,
                0.0,
                0.9999999403953552,
                0.0
            ],
            [
                -1103.0,
                -2421.0,
                -184.1999969482422,
                1.0
            ]
        ]
    },
    {
        "ID": 56,
        "Name": "OBJ_TELEDISCC4Z",
        "Type": 57,
        "Scale": 1.0,
        "Transform": [
            [
                0.4164295196533203,
                -0.9091679453849792,
                0.0,
                0.0
            ],
            [
                0.9091679453849792,
                0.4164295196533203,
                0.0,
                0.0
            ],
            [
                0.0,
                0.0,
                0.9999999403953552,
                0.0
            ],
            [
                2184.0,
                -1873.0,
                -316.6999816894531,
                1.0
            ]
        ]
    },
    {
        "ID": 57,
        "Name": "OBJ_TELEDISCC3Z",
        "Type": 57,
        "Scale": 1.0,
        "Transform": [
            [
                -0.9783173203468323,
                0.20711135864257813,
                0.0,
                0.0
            ],
            [
                -0.20711135864257813,
                -0.9783173203468323,
                0.0,
                0.0
            ],
            [
                0.0,
                0.0,
                0.9999999403953552,
                0.0
            ],
            [
                2188.740966796875,
                -1881.3934326171875,
                -316.6999816894531,
                1.0
            ]
        ]
    },
    {
