[
    {
        "ID": 146,
        "Name": "POILAMP500",
        "Type": 58,
        "Scale": 1.0,
        "Transform": [
            [
                0.8104571104049683,
                -0.5857977867126465,
                0.0,
                0.0
            ],
            [
                0.5857977867126465,
                0.8104571104049683,
                0.0,
                0.0
            ],
            [
                0.0,
                0.0,
                0.9999999403953552,
                0.0
            ],
            [
                566.2779541015625,
                292.4581298828125,
                -54.99899673461914,
                1.0
            ]
        ]
    },
    {
        "ID": 145,
        "Name": "POPCRATE500",
        "Type": 54,
        "Scale": 1.0,
        "Transform": [
            [
                -0.5299482941627502,
                -0.8480077385902405,
                0.0,
                0.0
            ],
            [
                0.8480077385902405,
                -0.5299482941627502,
                0.0,
                0.0
            ],
            [
                0.0,
                0.0,
                1.0,
                0.0
            ],
            [
                1429.1671142578125,
                939.1282348632813,
                -40.04746627807617,
                1.0
            ]
        ]
    },
    {
        "ID": 143,
        "Name": "POICAP500",
        "Type": 40,
        "Scale": 1.0,
        "Transform": [
            [
                -0.0,
                0.0,
                -0.9999999403953552,
                0.0
            ],
            [
                -0.9999724626541138,
                -0.0044700028374791145,
                0.0,
                0.0
            ],
            [
                -0.0044700028374791145,
                0.9999724626541138,
                0.0,
                0.0
            ],
            [
                -843.013916015625,
                -599.459716796875,
                -113.9979476928711,
                1.0
            ]
        ]
    },
    {
        "ID": 142,
        "Name": "POICAP500",
        "Type": 40,
        "Scale": 1.0,
        "Transform": [
            [
                0.0,
                0.0,
                -0.9999999403953552,
                0.0
            ],
            [
                -0.999932587146759,
                0.010976524092257023,
                0.0,
                0.0
            ],
            [
                0.010976524092257023,
                0.999932587146759,
                0.0,
                0.0
            ],
            [
                -893.1018676757813,
                -599.179931640625,
                -113.9979476928711,
                1.0
            ]
        ]
    },
    {
        "ID": 141,
        "Name": "POICAP500",
        "Type": 40,
        "Scale": 1.0,
        "Transform": [
            [
                0.0,
                -0.0,
                -0.9999999403953552,
                0.0
            ],
            [
                0.0035307633224874735,
                -0.999978244304657,
                0.0,
                0.0
            ],
            [
                -0.999978244304657,
                -0.0035307633224874735,
                0.0,
                0.0
            ],
            [
                -972.3252563476563,
                -678.8653564453125,
                -113.9979476928711,
                1.0
            ]
        ]
    },
    {
        "ID": 140,
        "Name": "POICAP500",
        "Type": 40,
        "Scale": 1.0,
        "Transform": [
            [
                0.0,
                -0.0,
                -0.9999999403953552,
                0.0
            ],
            [
                0.009706228040158749,
                -0.9999403953552246,
                0.0,
                0.0
            ],
            [
                -0.9999403953552246,
                -0.009706228040158749,
                0.0,
                0.0
            ],
            [
                -972.6813354492188,
                -729.1251831054688,
                -113.89794158935547,
                1.0
            ]
        ]
    },
    {
        "ID": 139,
        "Name": "POICAP500",
        "Type": 40,
        "Scale": 1.0,
        "Transform": [
            [
                0.0,
                0.0,
                -0.9999999403953552,
                0.0
            ],
            [
                0.9999839067459106,
                0.0026132441125810146,
                0.0,
                0.0
            ],
            [
                0.0026132441125810146,
                -0.9999839067459106,
                0.0,
                0.0
            ],
            [
                -892.939208984375,
                -808.6984252929688,
                -113.4979476928711,
                1.0
            ]
        ]
    },
    {
        "ID": 138,
        "Name": "POICAP500",
        "Type": 40,
        "Scale": 1.0,
        "Transform": [
            [
                0.0,
                0.0,
                -0.9999999403953552,
                0.0
            ],
            [
                0.9999672174453735,
                0.0053332201205194,
                0.0,
                0.0
            ],
            [
                0.0053332201205194,
                -0.9999672174453735,
                0.0,
                0.0
            ],
            [
                -843.1194458007813,
                -808.6740112304688,
                -113.9979476928711,
                1.0
            ]
        ]
    },
    {
        "ID": 129,
        "Name": "POICAP500",
        "Type": 40,
        "Scale": 1.0,
        "Transform": [
            [
                0.0,
                0.0,
                -0.9999999403953552,
                0.0
            ],
            [
                0.9999338388442993,
                0.010772048495709896,
                0.0,
                0.0
            ],
            [
                0.010772048495709896,
                -0.9999338388442993,
                0.0,
                0.0
            ],
            [
                -892.999267578125,
                -808.670166015625,
                58.9019775390625,
                1.0
            ]
        ]
    },
    {
        "ID": 128,
        "Name": "POICAP500",
        "Type": 40,
        "Scale": 1.0,
        "Transform": [
            [
                0.0,
                0.0,
                -0.9999999403953552,
                0.0
            ],
            [
                0.9999682903289795,
                0.005155333783477545,
                0.0,
                0.0
            ],
            [
                0.005155333783477545,
                -0.9999682903289795,
                0.0,
                0.0
            ],
            [
                -843.0537719726563,
                -808.8087158203125,
                59.001991271972656,
                1.0
            ]
        ]
    },
    {
        "ID": 132,
        "Name": "POIDOOR501",
        "Type": 27,
        "Scale": 1.0,
        "Transform": [
            [
                0.9999999403953552,
                0.0,
                0.0,
                0.0
            ],
            [
                0.0,
                0.9999999403953552,
                0.0,
                0.0
            ],
            [
                0.0,
                0.0,
                0.9999999403953552,
                0.0
            ],
            [
                1560.0931396484375,
                499.476806640625,
                -72.97383880615234,
                1.0
            ]
        ]
    },
    {
        "ID": 72,
        "Name": "POIDOOR501",
        "Type": 26,
        "Scale": 1.0,
        "Transform": [
            [
                0.0,
                -0.9999999403953552,
                0.0,
                0.0
            ],
            [
                0.9999999403953552,
                0.0,
                0.0,
                0.0
            ],
            [
                0.0,
                0.0,
                0.9999999403953552,
                0.0
            ],
            [
                1136.0079345703125,
                823.7318725585938,
                -54.94797897338867,
                1.0
            ]
        ]
    },
    {
        "ID": 102,
        "Name": "POICAP500",
        "Type": 40,
        "Scale": 1.0,
        "Transform": [
            [
                0.0,
                0.0,
                -0.9999999403953552,
                0.0
            ],
            [
                -0.7123671770095825,
                0.7017812728881836,
                0.0,
                0.0
            ],
            [
                0.7017812728881836,
                0.7123671770095825,
                0.0,
                0.0
            ],
            [
                -1015.3468017578125,
                508.680419921875,
                -117.9979248046875,
                1.0
            ]
        ]
    },
    {
        "ID": 103,
        "Name": "POICAP500",
        "Type": 40,
        "Scale": 1.0,
        "Transform": [
            [
                -0.0,
                0.0,
                -0.9999999403953552,
                0.0
            ],
            [
                -0.7057684063911438,
                -0.708428680896759,
                0.0,
                0.0
            ],
            [
                -0.708428680896759,
                0.7057684063911438,
                0.0,
                0.0
            ],
            [
                -924.7603759765625,
                508.556640625,
                -117.9979476928711,
                1.0
            ]
        ]
    },
    {
        "ID": 101,
        "Name": "POICAP500",
        "Type": 40,
        "Scale": 1.0,
        "Transform": [
            [
                0.0,
                0.0,
                -0.9999999403953552,
                0.0
            ],
            [
                0.7131149768829346,
                -0.7010242342948914,
                0.0,
                0.0
            ],
            [
                -0.7010242342948914,
                -0.7131149768829346,
                0.0,
                0.0
            ],
            [
                -924.6193237304688,
                599.4374389648438,
                -117.9979476928711,
                1.0
            ]
        ]
    },
    {
        "ID": 100,
        "Name": "POICAP500",
        "Type": 40,
        "Scale": 1.0,
        "Transform": [
            [
                0.0,
                0.0,
                -0.9999999403953552,
                0.0
            ],
            [
                0.7067696452140808,
                0.7074396014213562,
                0.0,
                0.0
            ],
            [
                0.7074396014213562,
                -0.7067696452140808,
                0.0,
                0.0
            ],
            [
                -1015.3815307617188,
                599.364501953125,
                -117.99797058105469,
                1.0
            ]
        ]
    },
    {
        "ID": 106,
        "Name": "POICAP500",
        "Type": 40,
        "Scale": 1.0,
        "Transform": [
            [
                0.0,
                0.0,
                -0.9999999403953552,
                0.0
            ],
            [
                0.7129978537559509,
                0.7011427879333496,
                0.0,
                0.0
            ],
            [
                0.7011427879333496,
                -0.7129978537559509,
                0.0,
                0.0
            ],
            [
                -757.2979125976563,
                341.5706787109375,
                -117.99793243408203,
                1.0
            ]
        ]
    },
    {
        "ID": 107,
        "Name": "POICAP500",
        "Type": 40,
        "Scale": 1.0,
        "Transform": [
            [
                0.0,
                0.0,
                -0.9999999403953552,
                0.0
            ],
            [
                -0.7204963564872742,
                0.6934318542480469,
                0.0,
                0.0
            ],
            [
                0.6934318542480469,
                0.7204963564872742,
                0.0,
                0.0
            ],
            [
                -757.2840576171875,
                250.55010986328125,
                -117.9979248046875,
                1.0
            ]
        ]
    },
    {
        "ID": 105,
        "Name": "POICAP500",
        "Type": 40,
        "Scale": 1.0,
        "Transform": [
            [
                -0.0,
                0.0,
                -0.9999999403953552,
                0.0
            ],
            [
                -0.7220156788825989,
                -0.6918554902076721,
                0.0,
                0.0
            ],
            [
                -0.6918554902076721,
                0.7220156788825989,
                0.0,
                0.0
            ],
            [
                -666.9198608398438,
                250.35940551757813,
                -117.99797058105469,
                1.0
            ]
        ]
    },
    {
        "ID": 104,
        "Name": "POICAP500",
        "Type": 40,
        "Scale": 1.0,
        "Transform": [
            [
                0.0,
                0.0,
                -0.9999999403953552,
                0.0
            ],
            [
                0.7140571475028992,
                -0.7000703811645508,
                0.0,
                0.0
            ],
            [
                -0.7000703811645508,
                -0.7140571475028992,
                0.0,
                0.0
            ],
            [
                -666.4873657226563,
                341.2871398925781,
                -117.99797058105469,
                1.0
            ]
        ]
    },
    {
        "ID": 99,
        "Name": "POICAP500",
        "Type": 40,
        "Scale": 1.0,
        "Transform": [
            [
                0.0,
                0.0,
                -0.9999999403953552,
                0.0
            ],
            [
                0.7103070020675659,
                -0.7038668394088745,
                0.0,
                0.0
            ],
            [
                -0.7038668394088745,
                -0.7103070020675659,
                0.0,
                0.0
            ],
            [
                -1182.744873046875,
                341.4010925292969,
                -117.9979476928711,
                1.0
            ]
        ]
    },
    {
        "ID": 97,
        "Name": "POICAP500",
        "Type": 40,
        "Scale": 1.0,
        "Transform": [
            [
                0.0,
                0.0,
                -0.9999999403953552,
                0.0
            ],
            [
                0.7020971775054932,
                0.7120550870895386,
                0.0,
                0.0
            ],
            [
                0.7120550870895386,
                -0.7020971775054932,
                0.0,
                0.0
            ],
            [
                -1273.418212890625,
                341.09857177734375,
                -117.99797058105469,
                1.0
            ]
        ]
    },
    {
        "ID": 98,
        "Name": "POICAP500",
        "Type": 40,
        "Scale": 1.0,
        "Transform": [
            [
                -0.0,
                0.0,
                -0.9999999403953552,
                0.0
            ],
            [
                -0.7039898037910461,
                -0.7101855874061584,
                0.0,
                0.0
            ],
            [
                -0.7101855874061584,
                0.7039898037910461,
                0.0,
                0.0
            ],
            [
                -1182.735595703125,
                250.49026489257813,
                -117.99798583984375,
                1.0
            ]
        ]
    },
    {
        "ID": 96,
        "Name": "POICAP500",
        "Type": 40,
        "Scale": 1.0,
        "Transform": [
            [
                0.0,
                0.0,
                -0.9999999403953552,
                0.0
            ],
            [
                -0.7155444025993347,
                0.6985647678375244,
                0.0,
                0.0
            ],
            [
                0.6985647678375244,
                0.7155444025993347,
                0.0,
                0.0
            ],
            [
                -1273.406982421875,
                250.47311401367188,
                -117.99797058105469,
                1.0
            ]
        ]
    },
    {
        "ID": 94,
        "Name": "POICAP500",
        "Type": 40,
        "Scale": 1.0,
        "Transform": [
            [
                0.0,
                0.0,
                -0.9999999403953552,
                0.0
            ],
            [
                0.7236248254776001,
                -0.6901860237121582,
                0.0,
                0.0
            ],
            [
                -0.6901860237121582,
                -0.7236248254776001,
                0.0,
                0.0
            ],
            [
                -924.6969604492188,
                83.50433349609375,
                55.00200653076172,
                1.0
            ]
        ]
    },
    {
        "ID": 95,
        "Name": "POICAP500",
        "Type": 40,
        "Scale": 1.0,
        "Transform": [
            [
                0.0,
                0.0,
                -0.9999999403953552,
                0.0
            ],
            [
                0.6865900158882141,
                0.7270217537879944,
                0.0,
                0.0
            ],
            [
                0.7270217537879944,
                -0.6865900158882141,
                0.0,
                0.0
            ],
            [
                -1015.4957275390625,
                83.11497497558594,
                55.00200271606445,
                1.0
            ]
        ]
    },
    {
        "ID": 93,
        "Name": "POICAP500",
        "Type": 40,
        "Scale": 1.0,
        "Transform": [
            [
                0.0,
                0.0,
                -0.9999999403953552,
                0.0
            ],
            [
                -0.7156721949577332,
                0.6984354257583618,
                0.0,
                0.0
            ],
            [
                0.6984354257583618,
                0.7156721949577332,
                0.0,
                0.0
            ],
            [
                -1015.3006591796875,
                -7.264218807220459,
                55.00200653076172,
                1.0
            ]
        ]
    },
    {
        "ID": 92,
        "Name": "POICAP500",
        "Type": 40,
        "Scale": 1.0,
        "Transform": [
            [
                -0.0,
                0.0,
                -0.9999999403953552,
                0.0
            ],
            [
                -0.6829681396484375,
                -0.7304279804229736,
                0.0,
                0.0
            ],
            [
                -0.7304279804229736,
                0.6829681396484375,
                0.0,
                0.0
            ],
            [
                -924.3864135742188,
                -7.13199520111084,
                55.00200653076172,
                1.0
            ]
        ]
    },
    {
        "ID": 90,
        "Name": "POICAP500",
        "Type": 40,
        "Scale": 1.0,
        "Transform": [
            [
                0.0,
                0.0,
                -0.9999999403953552,
                0.0
            ],
            [
                0.704833984375,
                0.709351658821106,
                0.0,
                0.0
            ],
            [
                0.709351658821106,
                -0.704833984375,
                0.0,
                0.0
            ],
            [
                -757.3386840820313,
                341.5118408203125,
                55.00199890136719,
                1.0
            ]
        ]
    },
    {
        "ID": 91,
        "Name": "POICAP500",
        "Type": 40,
        "Scale": 1.0,
        "Transform": [
            [
                0.0,
                0.0,
                -0.9999999403953552,
                0.0
            ],
            [
                -0.710589587688446,
                0.7035807371139526,
                0.0,
                0.0
            ],
            [
                0.7035807371139526,
                0.710589587688446,
                0.0,
                0.0
            ],
            [
                -757.444580078125,
                250.6420440673828,
                55.00199890136719,
                1.0
            ]
        ]
    },
    {
        "ID": 89,
        "Name": "POICAP500",
        "Type": 40,
        "Scale": 1.0,
        "Transform": [
            [
                -0.0,
                0.0,
                -0.9999999403953552,
                0.0
            ],
            [
                -0.7051221132278442,
                -0.7090670466423035,
                0.0,
                0.0
            ],
            [
                -0.7090670466423035,
                0.7051221132278442,
                0.0,
                0.0
            ],
            [
                -666.6422119140625,
                250.93997192382813,
                55.002010345458984,
                1.0
            ]
        ]
    },
    {
        "ID": 88,
        "Name": "POICAP500",
        "Type": 40,
        "Scale": 1.0,
        "Transform": [
            [
                0.0,
                0.0,
                -0.9999999403953552,
                0.0
            ],
            [
                0.7133997082710266,
                -0.7007359862327576,
                0.0,
                0.0
            ],
            [
                -0.7007359862327576,
                -0.7133997082710266,
                0.0,
                0.0
            ],
            [
                -666.583984375,
                341.43896484375,
                55.00200653076172,
                1.0
            ]
        ]
    },
    {
        "ID": 112,
        "Name": "POICAP500",
        "Type": 40,
        "Scale": 1.0,
        "Transform": [
            [
                0.0,
                0.0,
                -0.9999999403953552,
                0.0
            ],
            [
                0.9998313188552856,
                0.01734072156250477,
                0.0,
                0.0
            ],
            [
                0.01734072156250477,
                -0.9998313188552856,
                0.0,
                0.0
            ],
            [
                -735.2562866210938,
                -394.8858947753906,
                59.00200271606445,
                1.0
            ]
        ]
    },
    {
        "ID": 113,
        "Name": "POICAP500",
        "Type": 40,
        "Scale": 1.0,
        "Transform": [
            [
                0.0,
                0.0,
                -0.9999999403953552,
                0.0
            ],
            [
                0.9999999403953552,
                0.0,
                0.0,
                0.0
            ],
            [
                0.0,
                -0.9999999403953552,
                0.0,
                0.0
            ],
            [
                -785.1290283203125,
                -394.6490478515625,
                59.00200271606445,
                1.0
            ]
        ]
    },
    {
        "ID": 119,
        "Name": "POICAP500",
        "Type": 40,
        "Scale": 1.0,
        "Transform": [
            [
                0.0,
                0.0,
                -0.9999999403953552,
                0.0
            ],
            [
                0.0,
                0.9999999403953552,
                0.0,
                0.0
            ],
            [
                0.9999999403953552,
                0.0,
                0.0,
                0.0
            ],
            [
                -655.4570922851563,
                -314.9420166015625,
                59.00200653076172,
                1.0
            ]
        ]
    },
    {
        "ID": 118,
        "Name": "POICAP500",
        "Type": 40,
        "Scale": 1.0,
        "Transform": [
            [
                0.0,
                0.0,
                -0.9999999403953552,
                0.0
            ],
            [
                -0.0014020230155438185,
                0.9999912977218628,
                0.0,
                0.0
            ],
            [
                0.9999912977218628,
                0.0014020230155438185,
                0.0,
                0.0
            ],
            [
                -655.4280395507813,
                -264.9360656738281,
                59.00199890136719,
                1.0
            ]
        ]
    },
    {
        "ID": 117,
        "Name": "POICAP500",
        "Type": 40,
        "Scale": 1.0,
        "Transform": [
            [
                -0.0,
                0.0,
                -0.9999999403953552,
                0.0
            ],
            [
                -0.9999076724052429,
                -0.013191726058721542,
                0.0,
                0.0
            ],
            [
                -0.013191726058721542,
                0.9999076724052429,
                0.0,
                0.0
            ],
            [
                -734.8715209960938,
                -185.4581298828125,
                59.00200653076172,
                1.0
            ]
        ]
    },
    {
        "ID": 116,
        "Name": "POICAP500",
        "Type": 40,
        "Scale": 1.0,
        "Transform": [
            [
                -0.0,
                0.0,
                -0.9999999403953552,
                0.0
            ],
            [
                -0.9999533891677856,
                -0.007580580189824104,
                0.0,
                0.0
            ],
            [
                -0.007580580189824104,
                0.9999533891677856,
                0.0,
                0.0
            ],
            [
                -785.05615234375,
                -185.2001495361328,
                59.00199890136719,
                1.0
            ]
        ]
    },
    {
        "ID": 115,
        "Name": "POICAP500",
        "Type": 40,
        "Scale": 1.0,
        "Transform": [
            [
                -0.0,
                0.0,
                -0.9999999403953552,
                0.0
            ],
            [
                -0.0,
                -0.9999999403953552,
                0.0,
                0.0
            ],
            [
                -0.9999999403953552,
                0.0,
                0.0,
                0.0
            ],
            [
                -864.5531005859375,
                -265.070556640625,
                59.001991271972656,
                1.0
            ]
        ]
    },
    {
        "ID": 64,
        "Name": "POICAP500",
        "Type": 40,
        "Scale": 1.0,
        "Transform": [
            [
                0.0,
                0.0,
                -0.9999999403953552,
                0.0
            ],
            [
                0.7131204605102539,
                -0.7010186314582825,
                0.0,
                0.0
            ],
            [
                -0.7010186314582825,
                -0.7131204605102539,
                0.0,
                0.0
            ],
            [
                338.4111328125,
                843.8773193359375,
                56.601993560791016,
                1.0
            ]
        ]
    },
    {
        "ID": 59,
        "Name": "POICAP500",
        "Type": 40,
        "Scale": 1.0,
        "Transform": [
            [
                0.0,
                0.0,
                -0.9999999403953552,
                0.0
            ],
            [
                -0.7069421410560608,
                -0.7072691917419434,
                0.0,
                0.0
            ],
            [
                -0.7072691917419434,
                0.7069421410560608,
                0.0,
                0.0
            ],
            [
                338.4030456542969,
                765.9472045898438,
                56.50199890136719,
                1.0
            ]
        ]
    },
    {
        "ID": 60,
        "Name": "POICAP500",
        "Type": 40,
        "Scale": 1.0,
        "Transform": [
            [
                0.0,
                0.0,
                -0.9999999403953552,
                0.0
            ],
            [
                0.9998928308486938,
                0.013998834416270256,
                0.0,
                0.0
            ],
            [
                0.013998834416270256,
                -0.9998928308486938,
                0.0,
                0.0
            ],
            [
                284.93328857421875,
                757.8906860351563,
                56.50200271606445,
                1.0
            ]
        ]
    },
    {
        "ID": 67,
        "Name": "POICAP500",
        "Type": 35,
        "Scale": 1.0,
        "Transform": [
            [
                0.0,
                0.0,
                -0.9999999403953552,
                0.0
            ],
            [
                -0.00940738432109356,
                0.9999421834945679,
                0.0,
                0.0
            ],
            [
                0.9999421834945679,
                0.00940738432109356,
                0.0,
                0.0
            ],
            [
                -140.51797485351563,
                957.044677734375,
                44.00200271606445,
                1.0
            ]
        ]
    },
    {
        "ID": 66,
        "Name": "POICAP500",
        "Type": 35,
        "Scale": 1.0,
        "Transform": [
            [
                0.0,
                0.0,
                -0.9999999403953552,
                0.0
            ],
            [
                0.002103178296238184,
                -0.999987006187439,
                0.0,
                0.0
            ],
            [
                -0.999987006187439,
                -0.002103178296238184,
                0.0,
                0.0
            ],
            [
                140.20565795898438,
                956.8468017578125,
                44.0519905090332,
                1.0
            ]
        ]
    },
    {
        "ID": 65,
        "Name": "POICAP500",
        "Type": 35,
        "Scale": 1.0,
        "Transform": [
            [
                0.0,
                0.0,
                -0.9999999403953552,
                0.0
            ],
            [
                0.0,
                -0.9999999403953552,
                0.0,
                0.0
            ],
            [
                -0.9999999403953552,
                0.0,
                0.0,
                0.0
            ],
            [
                146.52056884765625,
                657.9822998046875,
                44.00199890136719,
                1.0
            ]
        ]
    },
    {
        "ID": 58,
        "Name": "POICAP500",
        "Type": 35,
        "Scale": 1.0,
        "Transform": [
            [
                0.0,
                0.0,
                -0.9999999403953552,
                0.0
            ],
            [
                0.021084384992718697,
                -0.9997623562812805,
                0.0,
                0.0
            ],
            [
                -0.9997623562812805,
                -0.021084384992718697,
                0.0,
                0.0
            ],
            [
                465.478759765625,
                804.8959350585938,
                44.00200271606445,
                1.0
            ]
        ]
    },
    {
        "ID": 57,
        "Name": "POICAP500",
        "Type": 35,
        "Scale": 1.0,
        "Transform": [
            [
                0.0,
                0.0,
                -0.9999999403953552,
                0.0
            ],
            [
                -0.9999999403953552,
                0.0,
                0.0,
                0.0
            ],
            [
                0.0,
                0.9999999403953552,
                0.0,
                0.0
            ],
            [
                604.0211791992188,
                943.5880737304688,
                44.00199890136719,
                1.0
            ]
        ]
    },
    {
        "ID": 53,
        "Name": "POICAP500",
        "Type": 40,
        "Scale": 1.0,
        "Transform": [
            [
                0.0,
                0.0,
                -0.9999999403953552,
                0.0
            ],
            [
                -0.7008998394012451,
                -0.7132378816604614,
                0.0,
                0.0
            ],
            [
                -0.7132378816604614,
                0.7008998394012451,
                0.0,
                0.0
            ],
            [
                657.5630493164063,
                1085.0301513671875,
                56.50200271606445,
                1.0
            ]
        ]
    },
    {
        "ID": 52,
        "Name": "POICAP500",
        "Type": 40,
        "Scale": 1.0,
        "Transform": [
            [
                0.0,
                0.0,
                -0.9999999403953552,
                0.0
            ],
            [
                0.7132654786109924,
                -0.7008718252182007,
                0.0,
                0.0
            ],
            [
                -0.7008718252182007,
                -0.7132654786109924,
                0.0,
                0.0
            ],
            [
                657.2383422851563,
                1162.7427978515625,
                57.50200653076172,
                1.0
            ]
        ]
    },
    {
        "ID": 51,
        "Name": "POICAP500",
        "Type": 40,
        "Scale": 1.0,
        "Transform": [
            [
                0.0,
                0.0,
                -0.9999999403953552,
                0.0
            ],
            [
                -0.9999999403953552,
                0.0,
                0.0,
                0.0
            ],
            [
                0.0,
                0.9999999403953552,
                0.0,
                0.0
            ],
            [
                603.8623657226563,
                1170.9443359375,
                56.50200653076172,
                1.0
            ]
        ]
    },
    {
        "ID": 56,
        "Name": "POICAP500",
        "Type": 40,
        "Scale": 1.0,
        "Transform": [
            [
                0.0,
                0.0,
                -0.9999999403953552,
                0.0
            ],
            [
                0.7027419209480286,
                0.7114182114601135,
                0.0,
                0.0
            ],
            [
                0.7114182114601135,
                -0.7027419209480286,
                0.0,
                0.0
            ],
            [
                550.5742797851563,
                1162.944580078125,
                56.50200653076172,
                1.0
            ]
        ]
    },
    {
        "ID": 55,
        "Name": "POICAP500",
        "Type": 40,
        "Scale": 1.0,
        "Transform": [
            [
                0.0,
                0.0,
                -0.9999999403953552,
                0.0
            ],
            [
                -0.7081698179244995,
                0.7060304284095764,
                0.0,
                0.0
            ],
            [
                0.7060304284095764,
                0.7081698179244995,
                0.0,
                0.0
            ],
            [
                550.5451049804688,
                1085.1771240234375,
                56.501991271972656,
                1.0
            ]
        ]
    },
    {
        "ID": 54,
        "Name": "POICAP500",
        "Type": 40,
        "Scale": 1.0,
        "Transform": [
            [
                0.0,
                0.0,
                -0.9999999403953552,
                0.0
            ],
            [
                0.9999483227729797,
                0.008409717120230198,
                0.0,
                0.0
            ],
            [
                0.008409717120230198,
                -0.9999483227729797,
                0.0,
                0.0
            ],
            [
                603.9719848632813,
                1077.182373046875,
                57.50199890136719,
                1.0
            ]
        ]
    },
    {
        "ID": 50,
        "Name": "POICAP500",
        "Type": 35,
        "Scale": 1.0,
        "Transform": [
            [
                0.0,
                0.0,
                -0.9999999403953552,
                0.0
            ],
            [
                0.9999797940254211,
                0.003278351854532957,
                0.0,
                0.0
            ],
            [
                0.003278351854532957,
                -0.9999797940254211,
                0.0,
                0.0
            ],
            [
                603.9761352539063,
                1304.3284912109375,
                44.00199890136719,
                1.0
            ]
        ]
    },
    {
        "ID": 49,
        "Name": "POICAP500",
        "Type": 35,
        "Scale": 1.0,
        "Transform": [
            [
                0.0,
                0.0,
                -0.9999999403953552,
                0.0
            ],
            [
                -0.001814813120290637,
                0.9999887943267822,
                0.0,
                0.0
            ],
            [
                0.9999887943267822,
                0.001814813120290637,
                0.0,
                0.0
            ],
            [
                444.6622619628906,
                1443.11083984375,
                44.00200271606445,
                1.0
            ]
        ]
    },
    {
        "ID": 46,
        "Name": "POICAP500",
        "Type": 40,
        "Scale": 1.0,
        "Transform": [
            [
                0.0,
                0.0,
                -0.9999999403953552,
                0.0
            ],
            [
                0.9999645948410034,
                0.005758649203926325,
                0.0,
                0.0
            ],
            [
                0.005758649203926325,
                -0.9999645948410034,
                0.0,
                0.0
            ],
            [
                285.1685485839844,
                1395.9393310546875,
                56.75200653076172,
                1.0
            ]
        ]
    },
    {
        "ID": 42,
        "Name": "POICAP500",
        "Type": 35,
        "Scale": 1.0,
        "Transform": [
            [
                0.0,
                0.0,
                -0.9999999403953552,
                0.0
            ],
            [
                0.9999999403953552,
                0.0,
                0.0,
                0.0
            ],
            [
                0.0,
                -0.9999999403953552,
                0.0,
                0.0
            ],
            [
                -0.11915499716997147,
                1600.5328369140625,
                56.50200271606445,
                1.0
            ]
        ]
    },
    {
        "ID": 41,
        "Name": "POICAP500",
        "Type": 35,
        "Scale": 1.0,
