[
    {
        "ID": 1,
        "Name": "OBJ_TELEPORT_STRATOS",
        "Type": 57,
        "Scale": 1.0,
        "Transform": [
            [
                0.9981180429458618,
                0.06132073327898979,
                0.0,
                0.0
            ],
            [
                -0.06132073327898979,
                0.9981180429458618,
                0.0,
                0.0
            ],
            [
                0.0,
                0.0,
                0.9999999403953552,
                0.0
            ],
            [
                4.381999969482422,
                -5.047999858856201,
                0.02800000086426735,
                1.0
            ]
        ]
    },
    {
        "ID": 2,
        "Name": "OBJ_TELEPORT_WATER",
        "Type": 57,
        "Scale": 1.0,
        "Transform": [
            [
                0.9939069151878357,
                0.11022219806909561,
                0.0,
                0.0
            ],
            [
                -0.11022219806909561,
                0.9939069151878357,
                0.0,
                0.0
            ],
            [
                0.0,
                0.0,
                0.9999999403953552,
                0.0
            ],
            [
                982.5689697265625,
                555.994873046875,
                236.88796997070313,
                1.0
            ]
        ]
    },
    {
        "ID": 4,
        "Name": "OBJ_TELEPORT_FIRE",
        "Type": 57,
        "Scale": 1.0,
        "Transform": [
            [
                -0.5857977867126465,
                0.8104571104049683,
                0.0,
                0.0
            ],
            [
                -0.8104571104049683,
                -0.5857977867126465,
                0.0,
                0.0
            ],
            [
                0.0,
                0.0,
                0.9999999403953552,
                0.0
            ],
            [
                -859.9839477539063,
                1241.418701171875,
                225.63299560546875,
                1.0
            ]
        ]
    },
    {
        "ID": 3,
        "Name": "OBJ_TELEPORT_AIR",
        "Type": 57,
        "Scale": 1.0,
        "Transform": [
            [
                -0.6152315139770508,
                -0.7883463501930237,
                0.0,
                0.0
            ],
            [
                0.7883463501930237,
                -0.6152315139770508,
                0.0,
                0.0
            ],
            [
                0.0,
                0.0,
                0.9999999403953552,
                0.0
            ],
            [
                -1113.1558837890625,
                -11.741999626159668,
                234.2909698486328,
                1.0
            ]
        ]
    },
    {
        "ID": 5,
        "Name": "OBJ_TELEPORT_EARTH",
        "Type": 57,
        "Scale": 1.0,
        "Transform": [
            [
                0.7242470383644104,
                -0.6895405054092407,
                0.0,
                0.0
            ],
            [
                0.6895405054092407,
                0.7242470383644104,
                0.0,
                0.0
            ],
            [
                0.0,
                0.0,
                0.9999999403953552,
                0.0
            ],
            [
                -439.5019836425781,
                -615.8878173828125,
                236.88796997070313,
                1.0
            ]
        ]
    }
]