[
    {
        "ID": 1,
        "Name": "OBJ_GATEHD",
        "Type": 58,
        "Scale": 0.3999999761581421,
        "Transform": [
            [
                0.04896426573395729,
                -0.3969917893409729,
                0.0,
                0.0
            ],
            [
                0.3969917893409729,
                0.04896426573395729,
                0.0,
                0.0
            ],
            [
                0.0,
                0.0,
                0.3999999761581421,
                0.0
            ],
            [
                -39.3508186340332,
                -414.14569091796875,
                73.18653869628906,
                1.0
            ]
        ]
    },
    {
        "ID": 3,
        "Name": "OBJ_CLDOOR",
        "Type": 58,
        "Scale": 1.0,
        "Transform": [
            [
                -0.5141026973724365,
                -0.8577285408973694,
                0.0,
                0.0
            ],
            [
                0.8577285408973694,
                -0.5141026973724365,
                0.0,
                0.0
            ],
            [
                0.0,
                0.0,
                0.9999999403953552,
                0.0
            ],
            [
                590.81591796875,
                1284.65087890625,
                54.75,
                1.0
            ]
        ]
    },
    {
        "ID": 4,
        "Name": "OBJ_PMDOOR",
        "Type": 58,
        "Scale": 1.0,
        "Transform": [
            [
                0.9373389482498169,
                0.348418653011322,
                0.0,
                0.0
            ],
            [
                -0.348418653011322,
                0.9373389482498169,
                0.0,
                0.0
            ],
            [
                0.0,
                0.0,
                0.9999999403953552,
                0.0
            ],
            [
                -1005.7999877929688,
                43.299991607666016,
                71.0,
                1.0
            ]
        ]
    },
    {
        "ID": 2,
        "Name": "OBJ_TRAPDOORKL",
        "Type": 58,
        "Scale": 1.0999999046325684,
        "Transform": [
            [
                0.7703627347946167,
                -0.7334463000297546,
                -0.2803521752357483,
                0.0
            ],
            [
                0.75849449634552,
                0.7966716885566711,
                0.0,
                0.0
            ],
            [
                0.20304423570632935,
                -0.19331419467926025,
                1.063673973083496,
                0.0
            ],
            [
                1104.0,
                -1136.5,
                -58.0,
                1.0
            ]
        ]
    },
    {
        "ID": 5,
        "Name": "OBJ_URN_BROKE_",
        "Type": 55,
        "Scale": 1.0,
        "Transform": [
            [
                0.7409510612487793,
                -0.6715589165687561,
                0.0,
                0.0
            ],
            [
                0.6715589165687561,
                0.7409510612487793,
                0.0,
                0.0
            ],
            [
                0.0,
                0.0,
                0.9999999403953552,
                0.0
            ],
            [
                614.9027709960938,
                -1935.95654296875,
                517.7615966796875,
                1.0
            ]
        ]
    },
    {
        "ID": 7,
        "Name": "OBJ_URN_BROKE_",
        "Type": 55,
        "Scale": 1.0,
        "Transform": [
            [
                0.7807371616363525,
                0.6248594522476196,
                0.0,
                0.0
            ],
            [
                -0.6248594522476196,
                0.7807371616363525,
                0.0,
                0.0
            ],
            [
                0.0,
                0.0,
                0.9999999403953552,
                0.0
            ],
            [
                621.6336669921875,
                -1946.0582275390625,
                518.5885009765625,
                1.0
            ]
        ]
    },
    {
        "ID": 8,
        "Name": "OBJ_URN_BROKE_",
        "Type": 55,
        "Scale": 1.0,
        "Transform": [
            [
                0.7730103731155396,
                -0.6343932151794434,
                0.0,
                0.0
            ],
            [
                0.6343932151794434,
                0.7730103731155396,
                0.0,
                0.0
            ],
            [
                0.0,
                0.0,
                0.9999999403953552,
                0.0
            ],
            [
                632.0589599609375,
                -1972.86279296875,
                517.117919921875,
                1.0
            ]
        ]
    },
    {
        "ID": 9,
        "Name": "OBJ_URN_BROKE_",
        "Type": 55,
        "Scale": 1.0,
        "Transform": [
            [
                0.0490676686167717,
                -0.9987953901290894,
                0.0,
                0.0
            ],
            [
                0.9987953901290894,
                0.0490676686167717,
                0.0,
                0.0
            ],
            [
                0.0,
                0.0,
                0.9999999403953552,
                0.0
            ],
            [
                509.8874816894531,
                -1986.3609619140625,
                526.83154296875,
                1.0
            ]
        ]
    },
    {
        "ID": 10,
        "Name": "OBJ_URN_BROKE_",
        "Type": 55,
        "Scale": 1.0,
        "Transform": [
            [
                -0.9981180429458618,
                0.06132073327898979,
                0.0,
                0.0
            ],
            [
                -0.06132073327898979,
                -0.9981180429458618,
                0.0,
                0.0
            ],
            [
                0.0,
                0.0,
                0.9999999403953552,
                0.0
            ],
            [
                492.82269287109375,
                -1996.4771728515625,
                527.9043579101563,
                1.0
            ]
        ]
    },
    {
        "ID": 6,
        "Name": "OBJ_TABLE_BRK_STONE_C_",
        "Type": 55,
        "Scale": 1.0,
        "Transform": [
            [
                -0.6055110096931458,
                0.795836865901947,
                0.0,
                0.0
            ],
            [
                -0.795836865901947,
                -0.6055110096931458,
                0.0,
                0.0
            ],
            [
                0.0,
                0.0,
                0.9999999403953552,
                0.0
            ],
            [
                488.5354309082031,
                -1958.25,
                524.7099609375,
                1.0
            ]
        ]
    },
    {
        "ID": 11,
        "Name": "OBJ_TABLE_BRK_STONE_A_",
        "Type": 55,
        "Scale": 1.0,
        "Transform": [
            [
                0.7807371616363525,
                0.6248594522476196,
                0.0,
                0.0
            ],
            [
                -0.6248594522476196,
                0.7807371616363525,
                0.0,
                0.0
            ],
            [
                0.0,
                0.0,
                0.9999999403953552,
                0.0
            ],
            [
                131.2278289794922,
                -1741.25341796875,
                413.38134765625,
                1.0
            ]
        ]
    },
    {
        "ID": 12,
        "Name": "OBJ_URN_BROKE_",
        "Type": 55,
        "Scale": 1.0,
        "Transform": [
            [
                -0.7326542139053345,
                -0.6806009411811829,
                0.0,
                0.0
            ],
            [
                0.6806009411811829,
                -0.7326542139053345,
                0.0,
                0.0
            ],
            [
                0.0,
                0.0,
                0.9999999403953552,
                0.0
            ],
            [
                95.1971206665039,
                -1743.5103759765625,
                410.1413879394531,
                1.0
            ]
        ]
    },
    {
        "ID": 13,
        "Name": "OBJ_URN_BROKE_",
        "Type": 55,
        "Scale": 1.0,
        "Transform": [
            [
                -0.0735645592212677,
                0.9972903728485107,
                0.0,
                0.0
            ],
            [
                -0.9972903728485107,
                -0.0735645592212677,
                0.0,
                0.0
            ],
            [
                0.0,
                0.0,
                0.9999999403953552,
                0.0
            ],
            [
                84.01239776611328,
                -1669.564208984375,
                406.52032470703125,
                1.0
            ]
        ]
    },
    {
        "ID": 14,
        "Name": "OBJ_TORCH",
        "Type": 55,
        "Scale": 1.0,
        "Transform": [
            [
                -0.795836865901947,
                -0.6055110096931458,
                0.0,
                0.0
            ],
            [
                0.6055110096931458,
                -0.795836865901947,
                0.0,
                0.0
            ],
            [
                0.0,
                0.0,
                0.9999999403953552,
                0.0
            ],
            [
                71.03984069824219,
                -1485.758056640625,
                362.83111572265625,
                1.0
            ]
        ]
    },
    {
        "ID": 15,
        "Name": "OBJ_TORCH",
        "Type": 55,
        "Scale": 1.0,
        "Transform": [
            [
                0.476060688495636,
                -0.864945113658905,
                -0.15885813534259796,
                0.0
            ],
            [
                0.8760700225830078,
                0.4821837544441223,
                0.0,
                0.0
            ],
            [
                0.07659881561994553,
                -0.13917085528373718,
                0.9873013496398926,
                0.0
            ],
            [
                100.6731185913086,
                -1518.953125,
                360.9427795410156,
                1.0
            ]
        ]
    },
    {
        "ID": 16,
        "Name": "OBJ_TORCH",
        "Type": 55,
        "Scale": 1.0,
        "Transform": [
            [
                -0.46053868532180786,
                -0.887639582157135,
                0.0,
                0.0
            ],
            [
                0.887639582157135,
                -0.46053868532180786,
                0.0,
                0.0
            ],
            [
                0.0,
                0.0,
                0.9999999403953552,
                0.0
            ],
            [
                184.7032928466797,
                -1568.08837890625,
                358.07281494140625,
                1.0
            ]
        ]
    },
    {
        "ID": 17,
        "Name": "OBJ_TORCH",
        "Type": 55,
        "Scale": 1.0,
        "Transform": [
            [
                0.9569402933120728,
                0.2902846336364746,
                0.0,
                0.0
            ],
            [
                -0.2902846336364746,
                0.9569402933120728,
                0.0,
                0.0
            ],
            [
                0.0,
                0.0,
                0.9999999403953552,
                0.0
            ],
            [
                236.34239196777344,
                -1477.930419921875,
                343.933837890625,
                1.0
            ]
        ]
    },
    {
        "ID": 18,
        "Name": "OBJ_URN_BROKE_",
        "Type": 55,
        "Scale": 1.0,
        "Transform": [
            [
                -0.9999246597290039,
                -0.012271537445485592,
                0.0,
                0.0
            ],
            [
                0.012271537445485592,
                -0.9999246597290039,
                0.0,
                0.0
            ],
            [
                0.0,
                0.0,
                0.9999999403953552,
                0.0
            ],
            [
                145.05535888671875,
                -1508.454833984375,
                374.30010986328125,
                1.0
            ]
        ]
    },
    {
        "ID": 19,
        "Name": "OBJ_TORCH",
        "Type": 55,
        "Scale": 1.0,
        "Transform": [
            [
                0.8281612992286682,
                0.429679274559021,
                0.3598950207233429,
                0.0
            ],
            [
                -0.46053868532180786,
                0.887639582157135,
                0.0,
                0.0
            ],
            [
                -0.3194570541381836,
                -0.1657455861568451,
                0.9329927563667297,
                0.0
            ],
            [
                831.4808959960938,
                -1468.4124755859375,
                202.52069091796875,
                1.0
            ]
        ]
    },
    {
        "ID": 20,
        "Name": "OBJ_TORCH",
        "Type": 55,
        "Scale": 1.0,
        "Transform": [
            [
                -0.6233372092247009,
                0.6547115445137024,
                0.42755505442619324,
                0.0
            ],
            [
                -0.7242470383644104,
                -0.6895405054092407,
                0.0,
                0.0
            ],
            [
                0.2948165237903595,
                -0.30965548753738403,
                0.9039892554283142,
                0.0
            ],
            [
                830.017333984375,
                -1465.5340576171875,
                203.5516357421875,
                1.0
            ]
        ]
    },
    {
        "ID": 21,
        "Name": "OBJ_URN_BROKE_",
        "Type": 55,
        "Scale": 1.0,
        "Transform": [
            [
                0.08501677215099335,
                0.9872487187385559,
                -0.13458068668842316,
                0.0
            ],
            [
                -0.9963125586509705,
                0.08579730242490768,
                0.0,
                0.0
            ],
            [
                0.011546661145985126,
                0.13408443331718445,
                0.9909026026725769,
                0.0
            ],
            [
                829.265625,
                -1469.85009765625,
                212.6400909423828,
                1.0
            ]
        ]
    },
    {
        "ID": 22,
        "Name": "OBJ_TABLE_BRK_STONE_A_",
        "Type": 55,
        "Scale": 1.0,
        "Transform": [
            [
                0.4164295196533203,
                -0.9091679453849792,
                0.0,
                0.0
            ],
            [
                0.9091679453849792,
                0.4164295196533203,
                0.0,
                0.0
            ],
            [
                0.0,
                0.0,
                0.9999999403953552,
                0.0
            ],
            [
                770.55712890625,
                -1564.892333984375,
                215.60122680664063,
                1.0
            ]
        ]
    },
    {
        "ID": 23,
        "Name": "OBJ_URN_BROKE_",
        "Type": 55,
        "Scale": 1.0,
        "Transform": [
            [
                -0.5857977867126465,
                -0.8104571104049683,
                0.0,
                0.0
            ],
            [
                0.8104571104049683,
                -0.5857977867126465,
                0.0,
                0.0
            ],
            [
                0.0,
                0.0,
                0.9999999403953552,
                0.0
            ],
            [
                810.0590209960938,
                -1542.0499267578125,
                217.27976989746094,
                1.0
            ]
        ]
    },
    {
        "ID": 24,
        "Name": "OBJ_URN_BROKE_",
        "Type": 55,
        "Scale": 1.0,
        "Transform": [
            [
                0.2667127251625061,
                0.9637759923934937,
                0.0,
                0.0
            ],
            [
                -0.9637759923934937,
                0.2667127251625061,
                0.0,
                0.0
            ],
            [
                0.0,
                0.0,
                0.9999999403953552,
                0.0
            ],
            [
                804.183837890625,
                -1505.8846435546875,
                216.59786987304688,
                1.0
            ]
        ]
    },
    {
        "ID": 25,
        "Name": "OBJ_URN_BROKE_",
        "Type": 55,
        "Scale": 1.0,
        "Transform": [
            [
                0.9909026026725769,
                -0.13458068668842316,
                0.0,
                0.0
            ],
            [
                0.13458068668842316,
                0.9909026026725769,
                0.0,
                0.0
            ],
            [
                0.0,
                0.0,
                0.9999999403953552,
                0.0
            ],
            [
                860.6996459960938,
                -1547.4669189453125,
                215.90870666503906,
                1.0
            ]
        ]
    },
    {
        "ID": 27,
        "Name": "OBJ_TORCH",
        "Type": 55,
        "Scale": 1.0,
        "Transform": [
            [
                -0.9456072449684143,
                -0.32531026005744934,
                0.0,
                0.0
            ],
            [
                0.32531026005744934,
                -0.9456072449684143,
                0.0,
                0.0
            ],
            [
                0.0,
                0.0,
                0.9999999403953552,
                0.0
            ],
            [
                740.7395629882813,
                -1892.708251953125,
                122.31732177734375,
                1.0
            ]
        ]
    },
    {
        "ID": 28,
        "Name": "OBJ_TORCH",
        "Type": 55,
        "Scale": 1.0,
        "Transform": [
            [
                0.8465422987937927,
                -0.47956031560897827,
                -0.23105809092521667,
                0.0
            ],
            [
                0.492898166179657,
                0.8700869083404541,
                0.0,
                0.0
            ],
            [
                0.2010406255722046,
                -0.11388811469078064,
                0.9729399085044861,
                0.0
            ],
            [
                832.0572509765625,
                -1894.21875,
                114.25572967529297,
                1.0
            ]
        ]
    },
    {
        "ID": 29,
        "Name": "OBJ_TORCH",
        "Type": 55,
        "Scale": 1.0,
        "Transform": [
            [
                0.940809965133667,
                0.24796895682811737,
                -0.23105809092521667,
                0.0
            ],
            [
                -0.2548656165599823,
                0.9669764041900635,
                0.0,
                0.0
            ],
            [
                0.22342772781848907,
                0.058888766914606094,
                0.9729399085044861,
                0.0
            ],
            [
                848.1525268554688,
                -1825.4166259765625,
                111.48072052001953,
                1.0
            ]
        ]
    },
    {
        "ID": 30,
        "Name": "OBJ_TORCH",
        "Type": 55,
        "Scale": 1.0,
        "Transform": [
            [
                -0.8275803327560425,
                0.5384000539779663,
                -0.15885813534259796,
                0.0
            ],
            [
                -0.5453249216079712,
                -0.8382246494293213,
                0.0,
                0.0
            ],
            [
                -0.13315880298614502,
                0.08662930876016617,
                0.9873013496398926,
                0.0
            ],
            [
                712.8558959960938,
                -1786.53564453125,
                115.4856185913086,
                1.0
            ]
        ]
    },
    {
        "ID": 31,
        "Name": "OBJ_TORCH",
        "Type": 55,
        "Scale": 1.0,
        "Transform": [
            [
                0.24996843934059143,
                0.9483961462974548,
                -0.19509030878543854,
                0.0
            ],
            [
                -0.9669764041900635,
                0.2548656165599823,
                0.0,
                0.0
            ],
            [
                0.049721814692020416,
                0.18864773213863373,
                0.9807851910591125,
                0.0
            ],
            [
                793.6805419921875,
                -1742.020751953125,
                111.3793716430664,
                1.0
            ]
        ]
    },
    {
        "ID": 32,
        "Name": "OBJ_URN_BROKE_",
        "Type": 55,
        "Scale": 1.0,
        "Transform": [
            [
                0.5035383105278015,
                -0.8639727830886841,
                0.0,
                0.0
            ],
            [
                0.8639727830886841,
                0.5035383105278015,
                0.0,
                0.0
            ],
            [
                0.0,
                0.0,
                0.9999999403953552,
                0.0
            ],
            [
                791.4131469726563,
                -1775.513427734375,
                122.01791381835938,
                1.0
            ]
        ]
    },
    {
        "ID": 33,
        "Name": "OBJ_URN_BROKE_",
        "Type": 55,
        "Scale": 1.0,
        "Transform": [
            [
                0.47139671444892883,
                -0.8819212317466736,
                0.0,
                0.0
            ],
            [
                0.8819212317466736,
                0.47139671444892883,
                0.0,
                0.0
            ],
            [
                0.0,
                0.0,
                0.9999999403953552,
                0.0
            ],
            [
                745.7933349609375,
                -1796.4302978515625,
                125.85857391357422,
                1.0
            ]
        ]
    },
    {
        "ID": 34,
        "Name": "OBJ_URN_BROKE_",
        "Type": 55,
        "Scale": 1.0,
        "Transform": [
            [
                0.9783173203468323,
                -0.20711135864257813,
                0.0,
                0.0
            ],
            [
                0.20711135864257813,
                0.9783173203468323,
                0.0,
                0.0
            ],
            [
                0.0,
                0.0,
                0.9999999403953552,
                0.0
            ],
            [
                832.8712158203125,
                -1864.1087646484375,
                122.2578125,
                1.0
            ]
        ]
    },
    {
        "ID": 35,
        "Name": "OBJ_TABLE_BRK_WOOD_A_",
        "Type": 0,
        "Scale": 1.0,
        "Transform": [
            [
                0.887639582157135,
                -0.46053868532180786,
                0.0,
                0.0
            ],
            [
                0.46053868532180786,
                0.887639582157135,
                0.0,
                0.0
            ],
            [
                0.0,
                0.0,
                0.9999999403953552,
                0.0
            ],
            [
                756.8175048828125,
                -1882.6649169921875,
                126.7706298828125,
                1.0
            ]
        ]
    },
    {
        "ID": 36,
        "Name": "OBJ_URN_BROKE_",
        "Type": 55,
        "Scale": 1.0,
        "Transform": [
            [
                -0.9807851910591125,
                -0.19509030878543854,
                0.0,
                0.0
            ],
            [
                0.19509030878543854,
                -0.9807851910591125,
                0.0,
                0.0
            ],
            [
                0.0,
                0.0,
                0.9999999403953552,
                0.0
            ],
            [
                836.39404296875,
                -1855.9820556640625,
                121.33321380615234,
                1.0
            ]
        ]
    },
    {
        "ID": 37,
        "Name": "OBJ_TORCH",
        "Type": 55,
        "Scale": 1.0,
        "Transform": [
            [
                -0.8617783784866333,
                0.27301010489463806,
                0.42755505442619324,
                0.0
            ],
            [
                -0.30200591683387756,
                -0.9533059597015381,
                0.0,
                0.0
            ],
            [
                0.4075907766819,
                -0.12912414968013763,
                0.9039892554283142,
                0.0
            ],
            [
                866.9201049804688,
                -1561.098876953125,
                205.97369384765625,
                1.0
            ]
        ]
    },
    {
        "ID": 38,
        "Name": "OBJ_TORCH",
        "Type": 55,
        "Scale": 1.0,
        "Transform": [
            [
                0.7542278170585632,
                -0.61897873878479,
                0.219101220369339,
                0.0
            ],
            [
                0.6343932151794434,
                0.7730103731155396,
                0.0,
                0.0
            ],
            [
                -0.16936752200126648,
                0.13899633288383484,
                0.9757020473480225,
                0.0
            ],
            [
                867.7393798828125,
                -1560.900390625,
                205.44898986816406,
                1.0
            ]
        ]
    },
    {
        "ID": 39,
        "Name": "OBJ_TORCH",
        "Type": 55,
        "Scale": 1.0,
        "Transform": [
            [
                -0.40433043241500854,
                -0.7564490437507629,
                0.5141026973724365,
                0.0
            ],
            [
                0.8819212317466736,
                -0.47139671444892883,
                0.0,
                0.0
            ],
            [
                0.24234634637832642,
                0.45339810848236084,
                0.8577285408973694,
                0.0
            ],
            [
                867.171875,
                -1564.4456787109375,
                206.54669189453125,
                1.0
            ]
        ]
    },
    {
        "ID": 40,
        "Name": "OBJ_URN_BROKE_",
        "Type": 55,
        "Scale": 1.0,
        "Transform": [
            [
                0.7409510612487793,
                0.6715589165687561,
                0.0,
                0.0
            ],
            [
                -0.6715589165687561,
                0.7409510612487793,
                0.0,
                0.0
            ],
            [
                0.0,
                0.0,
                0.9999999403953552,
                0.0
            ],
            [
                867.5989379882813,
                -1561.76904296875,
                214.14285278320313,
                1.0
            ]
        ]
    },
    {
        "ID": 41,
        "Name": "OBJ_TORCH",
        "Type": 55,
        "Scale": 1.0,
        "Transform": [
            [
                0.9285060167312622,
                -0.37131717801094055,
                0.0,
                0.0
            ],
            [
                0.37131717801094055,
                0.9285060167312622,
                0.0,
                0.0
            ],
            [
                0.0,
                0.0,
                0.9999999403953552,
                0.0
            ],
            [
                275.1995849609375,
                -1451.712890625,
                126.24879455566406,
                1.0
            ]
        ]
    },
    {
        "ID": 42,
        "Name": "OBJ_TORCH",
        "Type": 55,
        "Scale": 1.0,
        "Transform": [
            [
                0.8660717606544495,
                0.4493485391139984,
                -0.219101220369339,
                0.0
            ],
            [
                -0.46053868532180786,
                0.887639582157135,
                0.0,
                0.0
            ],
            [
                0.1944829225540161,
                0.10090459138154984,
                0.9757020473480225,
                0.0
            ],
            [
                291.86041259765625,
                -1374.786376953125,
                124.29105377197266,
                1.0
            ]
        ]
    },
    {
        "ID": 43,
        "Name": "OBJ_TORCH",
        "Type": 55,
        "Scale": 1.0,
        "Transform": [
            [
                -0.03383002430200577,
                0.9184909462928772,
                -0.39399200677871704,
                0.0
            ],
            [
                -0.9993222951889038,
                -0.03680722042918205,
                0.0,
                0.0
            ],
            [
                -0.014501751400530338,
                0.3937250077724457,
                0.91911381483078,
                0.0
            ],
            [
                149.11019897460938,
                -1300.815185546875,
                128.92039489746094,
                1.0
            ]
        ]
    },
    {
        "ID": 44,
        "Name": "OBJ_TORCH",
        "Type": 55,
        "Scale": 1.0,
        "Transform": [
            [
                -0.7663540244102478,
                0.5397273898124695,
                -0.348418653011322,
                0.0
            ],
            [
                -0.5758081078529358,
                -0.817584753036499,
                0.0,
                0.0
            ],
            [
                -0.2848617732524872,
                0.2006223052740097,
                0.9373389482498169,
                0.0
            ],
            [
                41.32255554199219,
                -1360.2117919921875,
                132.65771484375,
                1.0
            ]
        ]
    },
    {
        "ID": 45,
        "Name": "OBJ_TORCH",
        "Type": 55,
        "Scale": 1.0,
        "Transform": [
            [
                -0.6980119347572327,
                -0.6645625829696655,
                -0.2667127251625061,
                0.0
            ],
            [
                0.6895405054092407,
                -0.7242470383644104,
                0.0,
                0.0
            ],
            [
                -0.19316591322422028,
                -0.18390923738479614,
                0.9637759923934937,
                0.0
            ],
            [
                0.499112993478775,
                -1489.4246826171875,
                134.1117706298828,
                1.0
            ]
        ]
    },
    {
        "ID": 46,
        "Name": "OBJ_TORCH",
        "Type": 55,
        "Scale": 1.0,
        "Transform": [
            [
                -0.7948843240737915,
                -0.5745418071746826,
                -0.19509030878543854,
                0.0
            ],
            [
                0.5857977867126465,
                -0.8104571104049683,
                0.0,
                0.0
            ],
            [
                -0.1581123322248459,
                -0.1142834797501564,
                0.9807851910591125,
                0.0
            ],
            [
                42.744632720947266,
                -1547.567626953125,
                135.85812377929688,
                1.0
            ]
        ]
    },
    {
        "ID": 47,
        "Name": "OBJ_URN_BROKE_",
        "Type": 55,
        "Scale": 1.0,
        "Transform": [
            [
                0.8245892524719238,
                0.5657317638397217,
                0.0,
                0.0
            ],
            [
                -0.5657317638397217,
                0.8245892524719238,
                0.0,
                0.0
            ],
            [
                0.0,
                0.0,
                0.9999999403953552,
                0.0
            ],
            [
                129.34999084472656,
                -1531.3419189453125,
                136.00912475585938,
                1.0
            ]
        ]
    },
    {
        "ID": 48,
        "Name": "OBJ_URN_BROKE_",
        "Type": 55,
        "Scale": 1.0,
        "Transform": [
            [
                0.7730103731155396,
                -0.6343932151794434,
                0.0,
                0.0
            ],
            [
                0.6343932151794434,
                0.7730103731155396,
                0.0,
                0.0
            ],
            [
                0.0,
                0.0,
                0.9999999403953552,
                0.0
            ],
            [
                191.62924194335938,
                -1539.3482666015625,
                137.00634765625,
                1.0
            ]
        ]
    },
    {
        "ID": 49,
        "Name": "OBJ_URN_BROKE_",
        "Type": 55,
        "Scale": 1.0,
        "Transform": [
            [
                -0.012271537445485592,
                0.9999246597290039,
                0.0,
                0.0
            ],
            [
                -0.9999246597290039,
                -0.012271537445485592,
                0.0,
                0.0
            ],
            [
                0.0,
                0.0,
                0.9999999403953552,
                0.0
            ],
            [
                265.88641357421875,
                -1420.9576416015625,
                132.96453857421875,
                1.0
            ]
        ]
    },
    {
        "ID": 50,
        "Name": "OBJ_TABLE_BRK_STONE_C_",
        "Type": 55,
        "Scale": 1.0,
        "Transform": [
            [
                -0.9924795031547546,
                0.12241066992282867,
                0.0,
                0.0
            ],
            [
                -0.12241066992282867,
                -0.9924795031547546,
                0.0,
                0.0
            ],
            [
                0.0,
                0.0,
                0.9999999403953552,
                0.0
            ],
            [
                254.94320678710938,
                -1401.0445556640625,
                133.14797973632813,
                1.0
            ]
        ]
    },
    {
        "ID": 51,
        "Name": "OBJ_URN_BROKE_",
        "Type": 55,
        "Scale": 1.0,
        "Transform": [
            [
                -0.13458068668842316,
                -0.9909026026725769,
                0.0,
                0.0
            ],
            [
                0.9909026026725769,
                -0.13458068668842316,
                0.0,
                0.0
            ],
            [
                0.0,
                0.0,
                0.9999999403953552,
                0.0
            ],
            [
                262.61920166015625,
                -1385.987060546875,
                132.59686279296875,
                1.0
            ]
        ]
    },
    {
        "ID": 52,
        "Name": "OBJ_URN_BROKE_",
        "Type": 55,
        "Scale": 1.0,
        "Transform": [
            [
                -0.7068936824798584,
                0.7068936824798584,
                -0.024541227146983147,
                0.0
            ],
            [
                -0.7071067094802856,
                -0.7071067094802856,
                0.0,
                0.0
            ],
            [
                -0.01735326647758484,
                0.01735326647758484,
                0.9996987581253052,
                0.0
            ],
            [
                221.218505859375,
                -1351.7950439453125,
                133.05569458007813,
                1.0
            ]
        ]
    },
    {
        "ID": 53,
        "Name": "OBJ_URN_B_",
        "Type": 55,
        "Scale": 1.0,
        "Transform": [
            [
                0.7398986220359802,
                0.6225698590278625,
                -0.2548656165599823,
                0.0
            ],
            [
                -0.6438314914703369,
                0.7651671767234802,
                0.0,
                0.0
            ],
            [
                0.1950148195028305,
                0.16409052908420563,
                0.9669764041900635,
                0.0
            ],
            [
                290.76318359375,
                -1416.1162109375,
                132.70494079589844,
                1.0
            ]
        ]
    },
    {
        "ID": 54,
        "Name": "OBJ_TORCH",
        "Type": 55,
        "Scale": 1.0,
        "Transform": [
            [
                0.43476352095603943,
                0.863726794719696,
                -0.2548656165599823,
                0.0
            ],
            [
                -0.8932242393493652,
                0.4496113061904907,
                0.0,
                0.0
            ],
            [
                0.11459047347307205,
                0.2276521623134613,
                0.9669764041900635,
                0.0
            ],
            [
                185.93832397460938,
                -1643.55517578125,
                132.90011596679688,
                1.0
            ]
        ]
    },
    {
        "ID": 55,
        "Name": "OBJ_TORCH",
        "Type": 55,
        "Scale": 1.0,
        "Transform": [
            [
                0.9996987581253052,
                -0.024541227146983147,
                0.0,
                0.0
            ],
            [
                0.024541227146983147,
                0.9996987581253052,
                0.0,
                0.0
            ],
            [
                0.0,
                0.0,
                0.9999999403953552,
                0.0
            ],
            [
                209.35324096679688,
                -1725.8349609375,
                140.64999389648438,
                1.0
            ]
        ]
    },
    {
        "ID": 56,
        "Name": "OBJ_TORCH",
        "Type": 55,
        "Scale": 1.0,
        "Transform": [
            [
                0.862798810005188,
                -0.4611755907535553,
                -0.20711135864257813,
                0.0
            ],
            [
                0.47139671444892883,
                0.8819212317466736,
                0.0,
                0.0
            ],
            [
                0.18265590071678162,
                -0.09763161838054657,
                0.9783173203468323,
                0.0
            ],
            [
                166.04368591308594,
                -1791.857177734375,
                143.32765197753906,
                1.0
            ]
        ]
    },
    {
        "ID": 57,
        "Name": "OBJ_TORCH",
        "Type": 55,
        "Scale": 1.0,
        "Transform": [
            [
                -0.7397248148918152,
                -0.6070764064788818,
